	OCSTHA.M.sd2	BLDFIE.M.sl2	CLYPPT.M.sl5	CRFVOL.M.sl3	SLTPPT.M.sl5	SNDPPT.M.sl4	CECSOL.M.sl2	PHIHOX.M.sl4	PHIKCL.M.sl3	TAXNWRB.Acric.Plinthosols	TAXNWRB.Albic.Arenosols	TAXNWRB.Ferralic.Arenosols	TAXNWRB.Haplic.Acrisols..Alumic.	TAXNWRB.Haplic.Cambisols	TAXNWRB.Haplic.Ferralsols	TAXNWRB.Haplic.Gleysols	TAXNWRB.Haplic.Nitisols..Rhodic.	TAXOUSDA.Aquepts	Temp	Diurnal_range	Isothermal	Temp_Seasonality	Prec	Prec_WettestMonth	Prec_DriestMonth
OCSTHA.M.sd2	1	-0.879502355	-0.439650387	-0.107655205	0.491009957	0.056477025	0.149952877	-0.236090654	-0.214720872	0.099833189	0.040353819	-0.132855842	0.038306361	-0.310407032	-0.536112888	0.141785165	-0.216750978	-0.046993504	0.013097969	-0.002295618	0.35060387	-0.326795467	0.085947375	0.026599187	0.064436213
BLDFIE.M.sl2	-0.879502355	1	0.167073927	-0.016598469	-0.108526382	-0.127647297	-0.156713686	0.149598002	0.163611678	0.26166523	0.051815017	0.328907006	0.100864993	0.306932788	0.360949558	0.204153218	0.188292006	-0.042966256	0.014088546	0.020414065	-0.220464371	0.212787693	-0.082641055	-0.069923446	-0.085882862
CLYPPT.M.sl5	-0.439650387	0.167073927	1	0.223203026	-0.520584088	-0.624060215	0.375581294	0.296374563	0.056354625	-0.334307024	-0.21821789	-0.768473279	0.047253471	0.034728163	0.325762069	-0.360377423	-0.450809885	0.581238194	-0.066664974	0.433819377	0.052371268	-0.139395586	-0.00565825	-0.160100787	0.119966114
CRFVOL.M.sl3	-0.107655205	-0.016598469	0.223203026	1	-0.603014085	0.255272033	0.39688143	0.265279527	-0.001091818	-0.290196141	0.361311589	-0.194008008	-0.40281647	0.496797757	0.05581808	-0.371605963	0.301032612	0.594578087	-0.166022325	0.278628151	-0.308097991	0.182647109	-0.395298191	0.244580565	-0.434934793
SLTPPT.M.sl5	0.491009957	-0.108526382	-0.520584088	-0.603014085	1	-0.322964783	-0.262664214	-0.568901497	-0.382676852	0.677275482	-0.034748468	0.252897489	0.507435076	-0.034821878	-0.346940354	0.730953468	-0.179977338	-0.465088416	0.318883923	-0.224203026	0.610138822	-0.561409392	0.423440483	0.037757006	0.384792413
SNDPPT.M.sl4	0.056477025	-0.127647297	-0.624060215	0.255272033	-0.322964783	1	-0.173135732	0.151881653	0.222484212	-0.294145231	0.312415473	0.578622788	-0.445161998	-0.007979622	-0.116528422	-0.261788157	0.709305842	-0.242450626	-0.235895115	-0.232860905	-0.631621208	0.672743206	-0.373697675	0.135506422	-0.483383912
CECSOL.M.sl2	0.149952877	-0.156713686	0.375581294	0.39688143	-0.262664214	-0.173135732	1	0.746643207	0.431548871	-0.172158	-0.121830288	-0.403033777	-0.227599948	-0.337978767	-0.557693632	-0.199379753	-0.450419146	0.926309306	-0.434831856	0.791174089	-0.365638243	0.289167378	-0.698629659	-0.620046938	-0.535132765
PHIHOX.M.sl4	-0.236090654	0.149598002	0.296374563	0.265279527	-0.568901497	0.151881653	0.746643207	1	0.845499338	-0.299495776	-0.23949064	-0.075366508	-0.444671291	-0.538962834	-0.247110226	-0.422635302	-0.277605088	0.715261903	-0.58079557	0.553856498	-0.730558935	0.740990092	-0.802108969	-0.678845313	-0.653485998
PHIKCL.M.sl3	-0.214720872	0.163611678	0.056354625	-0.001091818	-0.382676852	0.222484212	0.431548871	0.845499338	1	-0.209437276	-0.547428965	0.253630426	-0.375032352	-0.583821479	-0.239333082	-0.305559062	-0.219320752	0.384529254	-0.584339521	0.077113442	-0.653440951	0.773611025	-0.526801098	-0.497872715	-0.413451876
TAXNWRB.Acric.Plinthosols	0.099833189	0.26166523	-0.334307024	-0.290196141	0.677275482	-0.294145231	-0.172158	-0.299495776	-0.209437276	1	0.185048401	0.228082413	0.618593945	0.200394123	-0.086980475	0.240588382	0.011832662	-0.172511151	0.460633095	-0.00328012	0.224893952	-0.326167385	0.00397681	-0.152609482	-0.104976192
TAXNWRB.Albic.Arenosols	0.040353819	0.051815017	-0.21821789	0.361311589	-0.034748468	0.312415473	-0.121830288	-0.23949064	-0.547428965	0.185048401	1	-0.122976053	0.201075277	0.394071935	0.063804245	-0.057148905	0.596807011	-0.076101943	0.059436887	0.349450341	-0.093287209	-0.066056633	-0.20505963	0.245858694	-0.413707148
TAXNWRB.Ferralic.Arenosols	-0.132855842	0.328907006	-0.768473279	-0.194008008	0.252897489	0.578622788	-0.403033777	-0.075366508	0.253630426	0.228082413	-0.122976053	1	-0.236034691	0.080952585	-0.063300382	0.326480072	0.431779425	-0.518132584	0.08118775	-0.581423253	-0.262004057	0.383641685	-0.031766992	0.070106619	-0.068834547
TAXNWRB.Haplic.Acrisols..Alumic.	0.038306361	0.100864993	0.047253471	-0.40281647	0.507435076	-0.445161998	-0.227599948	-0.444671291	-0.375032352	0.618593945	0.201075277	-0.236034691	1	0.208000074	-0.18250936	0.116189122	0.120003135	-0.196378481	0.144501943	0.064155752	0.27233476	-0.368204953	0.28477073	0.102816218	0.110869915
TAXNWRB.Haplic.Cambisols	-0.310407032	0.306932788	0.034728163	0.496797757	-0.034821878	-0.007979622	-0.337978767	-0.538962834	-0.583821479	0.200394123	0.394071935	0.080952585	0.208000074	1	0.320427066	0.060759187	0.560663988	-0.10496374	0.42898941	-0.234004784	0.179597057	-0.321091924	0.26253471	0.616923676	0.117260991
TAXNWRB.Haplic.Ferralsols	-0.536112888	0.360949558	0.325762069	0.05581808	-0.346940354	-0.116528422	-0.557693632	-0.247110226	-0.239333082	-0.086980475	0.063804245	-0.063300382	-0.18250936	0.320427066	1	-0.216545708	0.046852742	-0.299325911	0.490678013	-0.327837565	0.230425975	-0.250279935	0.358938839	0.297265987	0.35240364
TAXNWRB.Haplic.Gleysols	0.141785165	0.204153218	-0.360377423	-0.371605963	0.730953468	-0.261788157	-0.199379753	-0.422635302	-0.305559062	0.240588382	-0.057148905	0.326480072	0.116189122	0.060759187	-0.216545708	1	-0.147796424	-0.399154655	0.022336224	-0.216783443	0.568075566	-0.431444638	0.480169262	0.215422518	0.515802764
TAXNWRB.Haplic.Nitisols..Rhodic.	-0.216750978	0.188292006	-0.450809885	0.301032612	-0.179977338	0.709305842	-0.450419146	-0.277605088	-0.219320752	0.011832662	0.596807011	0.431779425	0.120003135	0.560663988	0.046852742	-0.147796424	1	-0.369833698	-0.042843229	-0.275050024	-0.400325881	0.344801423	-0.066431017	0.508005356	-0.31779153
TAXOUSDA.Aquepts	-0.046993504	-0.042966256	0.581238194	0.594578087	-0.465088416	-0.242450626	0.926309306	0.715261903	0.384529254	-0.172511151	-0.076101943	-0.518132584	-0.196378481	-0.10496374	-0.299325911	-0.399154655	-0.369833698	1	-0.339655903	0.750023656	-0.366273247	0.241371039	-0.653488072	-0.473085534	-0.525953068
Temp	0.013097969	0.014088546	-0.066664974	-0.166022325	0.318883923	-0.235895115	-0.434831856	-0.58079557	-0.584339521	0.460633095	0.059436887	0.08118775	0.144501943	0.42898941	0.490678013	0.022336224	-0.042843229	-0.339655903	1	-0.271627678	0.452033174	-0.584173951	0.299622911	0.030391981	0.313822617
Diurnal_range	-0.002295618	0.020414065	0.433819377	0.278628151	-0.224203026	-0.232860905	0.791174089	0.553856498	0.077113442	-0.00328012	0.349450341	-0.581423253	0.064155752	-0.234004784	-0.327837565	-0.216783443	-0.275050024	0.750023656	-0.271627678	1	-0.304872077	0.142122593	-0.673048778	-0.609056858	-0.596602074
Isothermal	0.35060387	-0.220464371	0.052371268	-0.308097991	0.610138822	-0.631621208	-0.365638243	-0.730558935	-0.653440951	0.224893952	-0.093287209	-0.262004057	0.27233476	0.179597057	0.230425975	0.568075566	-0.400325881	-0.366273247	0.452033174	-0.304872077	1	-0.954987487	0.822136299	0.419859689	0.835133639
Temp_Seasonality	-0.326795467	0.212787693	-0.139395586	0.182647109	-0.561409392	0.672743206	0.289167378	0.740990092	0.773611025	-0.326167385	-0.066056633	0.383641685	-0.368204953	-0.321091924	-0.250279935	-0.431444638	0.344801423	0.241371039	-0.584173951	0.142122593	-0.954987487	1	-0.700976097	-0.358747143	-0.694559967
Prec	0.085947375	-0.082641055	-0.00565825	-0.395298191	0.423440483	-0.373697675	-0.698629659	-0.802108969	-0.526801098	0.00397681	-0.20505963	-0.031766992	0.28477073	0.26253471	0.358938839	0.480169262	-0.066431017	-0.653488072	0.299622911	-0.673048778	0.822136299	-0.700976097	1	0.690383812	0.946208189
Prec_WettestMonth	0.026599187	-0.069923446	-0.160100787	0.244580565	0.037757006	0.135506422	-0.620046938	-0.678845313	-0.497872715	-0.152609482	0.245858694	0.070106619	0.102816218	0.616923676	0.297265987	0.215422518	0.508005356	-0.473085534	0.030391981	-0.609056858	0.419859689	-0.358747143	0.690383812	1	0.495043611
Prec_DriestMonth	0.064436213	-0.085882862	0.119966114	-0.434934793	0.384792413	-0.483383912	-0.535132765	-0.653485998	-0.413451876	-0.104976192	-0.413707148	-0.068834547	0.110869915	0.117260991	0.35240364	0.515802764	-0.31779153	-0.525953068	0.313822617	-0.596602074	0.835133639	-0.694559967	0.946208189	0.495043611	1
